5-5
user_num=4905, item_num=2420, ave_len=10.8579001019368, action_num=53258
Sparsity=0.995513

