user_num=22363, item_num=12101, ave_len=8.876358270357287, action_num=198502
Sparsity=0.999266
